28087761
25014346
31241236
26416010
27959636
28438852
29589306
23207911
29039124
27775219
29452276
33288958
32212201
16222421
24732725
27686812
30876943
30103027
21520414
12634796
30977072
25404351
27001126
32786681
15482819
22498885
21109216
24087928
30551035
18372286
33653632
24677239
18761469
20082804
25211708
26950175
23567906
19279070
19381577
32957902
25110127
19953545
22268916
18314066
15975266
24136512
26889693
24037769
22246737
12964364
24704856
20797458
27550791
25603863
17477967
32372655
19367730
23504934
26542287
29338453
15966828
17098721
17649983
22246955
25195870
20615486
33950486
16772272
24861753
23141770
30580641
14698031
16713902
22632759
25090967
16196099
16772275
25591448
26456120
16608436
15133836
20733050
22583933
16901220
12934924
23153790
22847841
12139310
26182917
24820261
25472910
30238645
21083289
15139815
16097893
24555897
30848925
34260034
12934930
23988518
12634795
21350852
15966811
24461479
24433413
24952180
18451766
28448729
21462347
16047837
24881956
18761470
23624659
14637371
29064629
15966802
14708878
17639354
21879037
26728306
15966842
19235165
25461013
15611015
24524332
18377721
12634792
25551123
26867738
21822176
18456800
15971839
19192633
22278912
16888762
18323148
28098439
19210124
19294623
24136560
30768908
27860397
16901219
26867742
14513544
12891365
22311636
22522798
22278370
25345002
21948403
29718670
26711811
31238262
32663525
20413636
26700037
28054969
24583506
20945425
26993527
28109442
12438560
25461719
22956731
21591257
16507774
27535110
21978018
28753293
31704367
20436974
31347060
23878402
28318237
19550320
32221943
33097913
25263132
24440519
25327648
30828905
19620020
32260091
33950479
24909132
32720146
32820606
29989573
22029901
18606607
16470653
15966837
26508368
21620493
22539426
26566788
28387482
25044641
24668871
26205520
27776693
25595026
33253586
16307523
23796493
29177657
24184230
21540133
26954459
23887885
22318899
24952178
24590111
12634794
15966813
32720148
18271069
15966812
20733593
31569778
17188947
20692386
21726044
19604127
23777897
24607371
22574775
26817480
20944666
21405972
21983556
33440289
33017654
18820430
29953962
18806738
20045032
14614532
24608425
17425456
20972449
26947554
33542505
22612344
15966840
24837672
30945251
17140426
17376740
18369870
21337599
21472857
18937563
23135952
23107010
27447043
26400464
23831154
31069773
32894271
18162500
20636062
22969026
22975488
31168896
17136510
23425033
30005583
16772276
17673082
27935328
23459211
33284445
19595794
28933156
18021238
31505249
16461789
27896771
18846368
18481254
18162499
19862759
29323144
12610552
19219839
25957532
23289293
29188262
30889197
16541534
24792553
28109429
18952628
19886975
15541963
32251727
24811517
16774043
30624930
15966814
21590417
29086408
22821266
16782340
12822440
19886358
32583429
29356267
26973320
17933681
25355581
23754521
16541529
20804194
24613618
23667981
24677814
25187343
30295461
23438854
24370983
26519172
15707831
28436665
25820718
22976808
28109427
26402488
18541480
17698335
24504981
28393464
17140866
28654069
28980276
24178846
20135026
21691667
33629703
19351029
21337705
30466169
25820728
17025216
27108446
12139304
18369864
21365750
16206899
33687710
24576642
25418953
28152595
31531506
27380722
24115339
27977202
12622378
29131649
30980500
28674902
19086856
27345528
24801850
25485597
17666753
25346215
25398274
28109424
24039059
23592440
26212283
22554908
21742803
19629865
18287744
26828375
21932441
26122999
18560426
23963945
25044409
26791447
20546630
27311553
20082810
23079073
21433285
29356547
18842605
25437751
21354349
29463217
24634410
15362891
24890906
23743150
25867170
16709260
19874117
22648804
21144814
16674102
20465853
30014690
24285571
22112245
25515006
21540400
28941238
26872682
23279933
21067242
16097879
25063446
17563857
21228889
24753479
28418254
26841090
21219653
21787230
18283664
17406306
28478306
23792435
28557149
18974169
15979332
26787099
20122180
24753468
18154976
20029838
12478246
20217870
18287777
14705021
22623344
19775598
24114984
23020125
26719138
19152685
15359723
28739511
15752074
14695901
16199891
16947120
26306679
15608266
20518028
18449859
18441544
22313033
23090905
24555563
18546150
15966823
12442255
14625864
22159718
17022632
21584341
25545627
18320544
26260760
22160345
20429928
15966824
19761570
22576086
23341064
26665161
20864967
14625873
20080508
23913023
23592210
19381585
18563751
14625849
18338823
17116479
16955513
12006998
23341065
14757037
18256214
22867629
18466049
18287784
22740249
23161168
21762784
15188423
12112839
21833998
28493131
15359731
21850651
34480153
28730805
28988880
26554090
16953200
24034475
28164708
19834909
16142996
27003708
31841731
22962056
22286613
27835924
22352854
28335651
30658528
30222357
27569903
15966835
29905074
23992417
15133837
28453668
21965817
31070329
15529173
32139903
19527137
23894103
25404421
26211554
18948283
18423218
33845200
24838764
25330117
27476034
20827799
17495109
25800554
19233895
28087451
23197307
19472248
21706410
18460691
28259147
33661641
16541532
25433089
22987429
18287745
34240547
22887715
24878375
20333627
28783987
18615819
30341804
28109439
30412678
20096812
26674367
25116052
25684269
21604128
31271902
23749747
23747450
23161401
22532450
28765000
29489744
22677111
15377033
19743425
26518147
26068406
24933149
23415726
15239937
21278719
26790989
26377011
27951527
25358342
23116412
22638791
21966894
17163436
32576061
24115172
29197581
25044798
17695745
30779583
24638115
16306114
30350444
24014456
25643707
16739226
31406385
20707001
28425787
23558029
25807930
25218519
26417864
25884107
12837590
27805363
21998671
26481688
25297050
30781952
12442261
24995952
18429242
15377032
17970587
31626996
15373428
28938075
23741028
23395702
12914659
24173663
25578092
17125453
24395710
20806223
24351106
20082807
20387909
30172843
18640271
26403437
33620075
21166642
19415653
12169682
22896016
16873463
25355567
25523641
30007914
24395722
12139305
16713900
24243720
23268119
15794933
18592171
21491952
27405097
34404205
31829555
27125885
33977460
18377720
32031398
21421351
25405748
24106197
20013196
29467287
25614414
12652597
19489693
16496007
32593762
23469896
22623215
17913850
30795648
24437377
21460877
23537955
14527327
28687241
17353200
20648483
30022302
23547284
31212206
26558656
29777872
28524784
16953460
23924514
17373839
19953547
32425074
18310106
21130023
22300577
22390873
21266987
24532458
19301326
26503891
21104921
25175928
18563244
16097889
23375196
28439861
26817613
18553564
12872241
33175540
23835517
17973290
12366655
28088696
30767726
18937559
27223900
21548781
18432216
28864145
24376095
26390080
16099849
33037152
32824511
22516432
25820724
23896458
23500131
21406261
20349458
33022544
26986963
24288278
30144840
21298062
23028061
31069771
23269373
20205189
23274691
25819163
29454112
21295168
22522810
23153572
22130419
32630776
29376447
25337643
25933927
20018669
32087360
23707565
22848049
29208216
17126347
32910497
24339214
31432411
23836775
25348110
31278990
27260494
32040335
32448449
27220253
21486234
16798750
27109349
23798545
15647304
12634755
30378020
31647556
23666720
24831309
25357240
30829430
20541636
26726011
27846721
26633370
22399499
31009332
19960502
15765078
20839105
21394601
24136522
19629867
26306575
31647897
22498958
32643382
18937558
22571915
19414279
27185884
29635916
21241017
22967081
19148774
22522807
27620696
32876429
22454540
30216498
18712308
23817070
27213465
16396497
19477982
25175018
25429768
24702127
18283667
24439828
18067418
32992016
18952599
21385034
31790852
28825293
21495688
19235170
31355640
23381688
25271054
20664869
17621303
24436130
23631909
32471280
29052541
15359724
32202424
26184698
17031796
24564654
15707834
21500242
27405977
18540105
18654988
23688989
26624797
29125959
25664860
22539440
23744580
21417484
24453208
18763698
22825679
24184935
21137039
27992069
22623513
23726082
24865135
22809520
22589193
29562735
24729304
21221949
25311756
17488005
27491521
23669031
19086859
21604121
22669077
20077408
21810490
28758227
16817167
31859488
27788355
24132152
28822866
18948298
31779915
27422377
25315852
23212627
28960077
28981707
26256691
19488689
21538914
18972528
23285964
26042555
16952845
26901848
31347070
30939043
29090900
17545978
12574065
18573810
24056186
28097710
24870543
23254987
34493209
31927932
29272103
19176558
30451507
25346955
19489700
12964368
19055809
23194264
20833280
26563903
20645384
22081351
25014353
31347073
17552922
25171765
28801860
21269460
28810194
18287775
23547293
24852635
20026292
18369863
15684408
21325204
31347067
27975279
12964372
21413150
27165072
25686859
25933256
26435044
28513658
31407381
25656970
24259369
26867748
23547294
31634432
29344888
17261056
18270218
23696451
21656681
24281846
25910728
31566909
22665296
21280217
23160936
26728305
25077673
23099349
29566493
23486160
27467182
15966015
14730686
25978384
18187513
31812894
21526843
26950055
24489691
14586448
27122596
21348846
21315197
22394539
28686798
26868616
31397442
15239928
26051676
31919466
17066164
25033262
28188519
31432426
28137564
25596379
21204260
32725921
19892179
24619480
22364570
18978022
23160281
30038347
26558424
23963932
19398504
20839115
26791339
16104055
27030420
30406866
18336270
18671370
17552917
15684407
15585920
27454336
21229588
21182196
19540949
25044505
12934925
28483376
28267294
27490796
29853640
27794190
26287124
31693381
29318539
14730577
16097747
25110780
27990823
33998808
25823410
22539428
30105424
17940224
18380476
24129076
18287782
24704858
26972988
28783154
23547285
12954162
28557431
23831146
25631240
22068332
16899860
12376985
29962452
25866385
32401031
24136533
19381587
25896726
32379441
26306748
17051946
26320829
19457338
23015134
26975722
20134030
20150675
33170008
19381590
29106408
17586515
16445346
28493421
20602127
24617767
27450324
27476824
19087971
31861964
29227670
26376097
20942945
21216657
29689304
24211767
31465862
31432403
26972666
21305141
30553948
33741399
20685252
30017093
23908556
16282975
25603864
21254132
18674622
21433000
22778083
16972286
29466714
27896770
27862958
21462343
32652221
24788067
22009795
15971847
25250979
30221418
29471057
32847821
18620533
21851865
28951502
29499477
30385634
31430117
16545876
17623305
19896479
21954788
31151397
31945303
20512790
23074339
32786431
22547356
18712299
15134882
33348980
19688731
23060611
26110888
17190004
23954498
18937556
30457927
21847969
25070728
21443167
20977570
25504833
32462574
30223317
29855314
16544278
27731504
24227553
22301388
15190480
21142894
18998542
26768581
25349961
33687707
30076652
22038885
20806226
23376430
26521714
16396495
20399287
19496755
19913576
24486298
19237448
23184895
22008608
24136529
24552128
17344880
31347069
32949814
19629866
25358341
26721744
28719092
20223734
25978296
20047291
18546151
28388239
23176300
27109353
24574175
25026199
15975267
15966845
26251035
32174200
33412504
24597967
33216553
21730144
22543183
19579228
24420792
32796012
17531500
21796782
19888797
21500342
29044975
25725404
24935033
26082410
19270826
21749988
24167004
23470899
21784994
21813449
26782309
17536722
33950487
28145059
19795422
18636545
24623703
31576581
19337992
29397739
30121912
32543193
31629056
27010757
33025577
23184459
30714740
23009278
29953959
20005669
23943505
20122208
20217868
19538932
15556272
32036079
24521361
25055762
29896708
32463229
19087345
21246732
16445352
25384738
26514758
18937509
24340005
27975286
21082437
22080486
25974132
22679832
24290926
18336197
33661642
33962068
16381951
23713034
33237407
30855969
19229859
30763807
16998599
25612871
19414280
24063186
30444614
25411698
33459488
18729049
14625890
31568792
30877672
18338822
19318424
24903697
31737995
17360249
17584764
31476108
22411467
17668194
25059325
32268065
26593679
15580859
17172688
27114449
31321850
19241016
24934493
27272648
21726046
30092380
29476118
23210656
28994031
23482073
25464370
33230323
32227882
26258179
17022654
12934926
31625157
29901264
27696471
20082814
21519116
29168484
19754192
33923221
30540243
26222143
20193068
26218932
28435106
22649262
25044461
28727291
25583675
21268270
22106071
24366813
21841810
20329800
22665320
20709689
29267884
22247026
23378000
27527821
16445354
17172697
21959134
29873977
24273911
32375409
29411613
23775586
17675879
25545774
29207244
30901962
29083190
27748110
15188405
20004755
28930563
19415655
20687061
22050456
26621614
31650141
12652601
17691442
28253837
20029841
29931249
18653519
30838411
20058173
28152591
32703135
17822382
27089838
31652013
17060908
23590404
25111078
28137561
25411139
14761302
17415899
21063946
24375944
24889604
22375802
33263984
24178922
30105421
12566011
25448015
26872839
25613045
20806225
27806443
23239329
20084635
26562022
28495501
30831097
24406297
22120990
23051804
29425736
33165572
18424818
16118632
33108051
30124047
33009535
21736419
30403891
26960075
19607789
26586228
32345598
27830853
26867752
28674895
23268116
19294317
22521269
24376246
15221750
30929210
26302369
25048227
27629641
25084147
23454493
26552723
25345469
22148862
15580857
25504580
21472859
28552653
28572185
20681517
18814880
22518033
31095918
33856767
23625396
26598644
22640626
24136537
17121776
27452035
26857332
19086857
29307493
32356537
12570860
23963944
32184224
17093312
32782317
21604115
31509394
21189561
27359340
16445347
33038513
26944736
24162002
29426365
19447788
15221752
20334435
29782891
30488570
28411555
19638612
20121474
26777984
16608431
19957093
24370682
20556949
27812806
17824635
28808994
26518762
23085607
26718462
32359835
32430817
12952880
26652789
16118640
25959140
23507220
22027370
16807940
27023353
15951512
21137054
32126768
17503395
21998678
18988627
34085531
18287781
32891562
18791962
22050367
26545397
20542044
30956101
16396508
20007255
32899462
32212654
33208768
16854842
26471863
23697172
18618655
24724171
23918963
16083256
29565595
21632784
27135360
22833255
24849295
19664734
26519185
24115447
19749761
20888217
27297130
22275288
24529438
16549013
19383153
23376432
22956018
34545225
20459839
18996833
15276445
27376408
27575776
24362552
27876144
29552733
18364346
22333249
33045833
23300121
22902541
17493378
30694509
12199598
18488014
24652039
19137114
30074997
16083282
31236837
28303955
22821264
30024939
24480439
30104208
22821271
15188415
32167277
26415138
23244521
31251020
19100875
24593137
24486812
22229831
16097887
22821268
26891752
18788549
21732092
16758447
23563204
23435058
19884488
20531404
24171472
27072114
22114102
22539434
29857064
27789699
22068331
18164778
25438865
27297264
33848166
27019302
19116658
22852788
22927349
30659282
30887086
12189514
19916740
22499705
31382875
25931155
15347802
23707915
17913569
23146917
24460813
28873403
22037311
24694813
24680693
31433754
23517718
23625411
22575383
28350824
22896008
19643045
20677825
32102244
24259522
25546256
28166638
24520068
25372670
32357013
28980472
19131327
24591407
20173099
31074990
15998935
30545218
33630960
15971194
21563312
16769682
23416532
18283668
34639092
31606072
29581063
26295278
22539429
22329341
25407602
21480524
24030954
29027362
21063945
32462582
30700896
23675420
26824330
15966010
19630037
19754976
16773738
19029910
17001600
29215871
14965256
19876013
28787651
19241001
20513479
25523418
23404676
31347048
15977421
31994203
26913574
29231845
19086862
17416993
14734307
24297927
18428786
26931819
25316050
12438561
24174285
31621326
21328537
28418257
29882266
22407608
24852634
25244318
17826682
16779398
31583665
15456964
16760308
21604126
23784971
20013378
29359268
23616442
26045551
25282142
31347046
28901143
18392595
29125736
16684764
28188524
25461725
18697770
26080932
31509397
24519823
29935814
23376431
27018876
28130068
24449691
27444749
25477065
25150170
22641836
30370930
23186381
22360387
28394336
31097671
21573190
17299005
25355580
27896773
22375076
14625855
18818332
19223337
16257892
33169421
27896776
18601269
15285721
24344194
26474480
19813771
28523741
25820738
21142880
21548089
24692135
11916571
31476117
19033099
30086402
16154652
24307133
24536041
29905980
31606085
27425789
21452892
21254974
15373459
26663565
27310477
25044676
21413152
26358907
32235894
22522805
31539883
29258473
25820712
29158195
16118637
25357241
22311766
19206189
33970614
26237224
32584579
21462348
23197367
17520129
27777178
24338489
31729152
31552635
27599093
24727655
12954165
23519648
25850402
24555889
18592186
30859831
23894095
16540098
19210778
21506812
16202464
19489701
31591248
32815324
26694525
31863255
33202000
19642706
23332315
17258068
25100859
15599945
31797572
16206330
31057016
22997094
19137551
28414281
24105449
21604116
21983960
29183805
26193490
18095363
27613036
34427088
27265319
12567871
33733731
23558030
23606334
25761918
32959512
15276432
32768606
19563040
28742128
28155671
26694316
21325202
27135364
28109436
23625398
33279813
17086517
33107741
17407558
33934824
27975213
24496597
18777447
22682155
27005946
28980277
21566121
28395553
31621929
24515833
24611545
23184864
22205978
15221751
27860232
24890767
22967953
28417377
30931906
22930569
12557406
31432406
25931027
22352043
28622336
26220682
18266228
33225887
27424757
21898236
22798279
25178173
28645570
30217988
20809636
18287780
22161568
33687723
31251329
21982829
27852008
33190505
28843533
31444903
19424999
33650774
28872692
23585051
25158968
22079246
24590439
27343457
30659192
24606058
31247941
29553857
20158872
31955735
17172685
32449352
15611013
31989554
12692561
28276014
25944546
24841874
21774913
17243782
30973132
17138554
30383773
33231146
22825711
26860878
27132684
22106089
12940285
22002805
26714720
21315195
23460848
24166805
14528911
26094805
28093409
28711385
30192403
28960076
22845483
19151093
15354269
18412383
32259523
12748950
24136518
28580786
25159016
17311189
27430243
28990550
26193884
12442258
12671665
31042043
27995803
31591679
26688106
22997103
29609095
23898862
18212344
25143135
25758368
18850734
21790200
22289479
18283666
25678603
17055787
26306425
26170043
27562671
18178583
15221759
21948422
22404494
28368040
23832743
30244323
12792845
29282898
20377267
17703310
27703242
24642211
26400465
16988435
27490519
27187145
18937257
16316193
28391044
29351208
21538886
12964367
21751377
21956964
18696134
28418607
21604685
19165527
21056706
25220422
23625412
26194822
27208788
24039199
15329851
15966846
24648329
16252308
19535538
31610113
22509332
15585823
23737002
30610240
27791269
28649880
20097120
28850952
33490242
20237641
22422534
21839695
26549055
22837438
32363853
24116388
19085652
21828336
25109358
19848406
17262966
31128078
24623216
32607982
25303931
25979773
22328712
26667783
30251560
22103443
19068132
21468311
12822434
17668192
18927604
33857699
29696386
33404253
23125178
27403532
22771312
24931978
23027649
20058171
16222717
31401005
27975212
16970552
34487803
15979333
32926143
30378018
21632783
25978996
15637048
23954032
34023612
33950500
31828876
30047800
23125033
25087458
34052001
24550697
25546367
20462449
32558233
27908912
30814700
21732557
23690039
23523638
22522806
30385413
26608071
19602524
21108307
23340676
33757883
33901681
27187379
16803976
28388247
17904107
26660081
23681576
25663651
21452894
22348521
16772265
25688391
18828897
30726097
29192500
23684311
32462585
31484923
26784836
24374378
19752006
32812434
24687995
22577016
19605365
23974496
31375721
16102118
22247077
32853770
17726677
24577270
25038065
26700040
33233255
20602527
33467856
23250051
27414072
27797325
21906632
18320565
22106052
30137990
17274075
18443658
17285563
18592177
22561838
19526552
14650236
30553123
29022835
32757109
19426860
27153760
34115352
14512343
25786131
25450841
20422638
24449343
18663489
22361969
20805188
22080421
33665903
22248085
20556951
30276741
25574523
17250459
22326026
32050583
15507458
29458925
23542354
21717571
19544031
20013380
27400695
27354270
25579403
23744604
22479418
25475614
30642884
29275045
26381204
28471460
28729385
15187006
30138539
29264797
18546159
23102991
23703833
15751161
21598388
32389842
25236368
18714357
19810753
21280224
32419311
28217993
28704482
22984943
21948424
15707357
25626423
16739225
22997150
29297480
32462602
23592530
24339256
21905222
24754784
15881365
21505656
21435224
16435444
31709850
26086353
15378703
29257946
33950480
24467687
19766745
20827731
23992418
26893027
24412000
24573805
20486120
30852816
20082806
32462578
27694351
20731387
16679442
19129212
28605042
21243751
19437132
18803416
29237681
30312022
28060347
32143036
15612208
12918992
25546360
27169933
30579964
30497455
20718507
27816513
20408562
30093419
21375461
22462785
31078632
20049855
25504544
23030679
23386332
25355571
28499913
32436704
23072795
25711363
27775198
27102496
23066552
30259487
23217299
25333471
27343759
32652378
24608570
18076136
31364044
29727440
27693894
18425732
18834307
28271630
22522800
31464680
28625739
20082805
26519169
30869898
23580418
23269374
31278833
27441788
17040488
23998534
32203386
21080727
25825234
21112166
19808875
17540331
29126305
20176153
32860016
18709185
20369421
17373841
27060224
26833451
20077409
20810536
26377007
27966901
26539879
18712302
14998171
27677936
22821269
28176486
18045802
19367719
20067319
26260241
16927434
23841533
12148003
25541736
29189203
30706660
34390184
32556243
28853897
22806459
25044718
33683123
24433146
26435507
12929182
27880036
32462586
26645377
30707948
34227342
20690663
24852088
32680918
34418789
22129326
22665318
23294060
22060561
24489372
18763711
23512263
17907570
26772901
16918237
32569818
33652138
18434574
25017810
21076435
19886704
27821266
16534745
20198493
22233072
30577991
21245847
31614210
26201837
17584939
23376189
30980330
25960181
17051649
26165157
24667914
31245997
18283670
22047528
26700055
25229414
22537935
33028957
12948670
21602509
19688732
30406044
25737117
19544030
24056185
28363249
27584944
26546560
26809613
25451538
31729660
28126229
24365116
23046473
32321741
30294818
32602849
23376185
31602611
16574175
22562867
30767727
26275289
22185356
17644759
30019905
15211757
25731211
32219768
29358731
28117610
24628298
24964354
28263177
29476807
31195796
21047379
15966843
21342794
23688036
22967077
25554751
28939693
19159280
30947573
19862760
21254785
24382552
19455517
21654669
28062377
33687721
31029901
21733404
24792918
16861337
27216641
26381203
30553074
23625392
26632636
18401170
25175059
30481031
21330693
25236462
29635369
14650222
33036785
21350036
28299738
18577212
31559746
17291342
33382035
16211575
19258533
30024741
31758026
21063951
23436708
15966822
32154592
16900778
22607061
31291787
33396070
22926766
26209737
31227739
24994561
21142889
22509746
32422277
25411697
19713417
28508365
20873877
26731423
15284006
29427454
22543061
26414014
34237460
27939607
12874056
34181432
15231876
31856154
29945787
20836568
24962155
17960573
27029218
27126604
28695533
19489698
29196897
31399888
33287876
28572211
31323421
12913303
23063611
27321578
31322071
29607450
24486717
12775769
23894130
26790948
17457988
18452233
28508060
32214105
33950485
18314751
31432408
21326610
18761463
24515373
15679362
31442052
27632551
32535146
27801591
28777000
33079175
20560464
31863553
27670688
21264403
21831737
18823142
24123299
30884231
28039026
17766694
25820722
20805795
32001644
21286710
27450107
27765818
16943187
12748955
16094383
18187318
32555458
26510734
25524357
27001127
20058247
20795750
16362819
24646121
20444190
25244609
23970500
31480282
28674890
32343577
31547269
19354268
19573631
29380333
31025853
15952235
19072760
25636126
31387416
27262947
32360428
12192588
23625395
33606239
22043985
20707391
16083044
27686803
26700052
19210127
20730509
16926286
12472273
27917957
18636536
23443681
21632781
22939632
26143240
19874609
15707830
21458589
31066118
23161558
21755932
25310818
33412312
19633097
25187078
25531588
30456605
22577015
19711855
17185773
18287776
18067412
24206227
25323733
31677360
32273506
23592487
16977682
12469333
23202415
17016832
32576111
15036150
27275816
26558960
20058162
22997881
23325643
20884196
22295720
28432464
20049864
14761311
25820742
25736721
23780708
30170243
15562522
28707887
30920002
19586016
29447110
28517930
20307306
23161467
25068841
12577768
16342402
26496066
31987925
21751344
27343150
31704338
26000850
30352174
17300188
21133377
33461450
15695805
12474872
28910983
22700314
21632782
30985146
22665290
29452363
22144253
16418010
17828791
28674881
26105009
22665305
22084829
14594721
19322937
20397719
21406262
17015437
30259482
19451016
30612607
29064224
31050378
26703809
12934928
22092713
26546731
23642008
20836028
22070424
28256805
31918306
27805059
17458497
26591764
22101889
16940995
30100485
33950506
22992932
30769119
26217018
18384108
26552604
23334424
33686098
33359939
16000077
28509457
25079383
25458812
31545043
19425607
30190555
32131038
21884834
20348588
26699813
22007487
21438152
33798793
29989794
33950489
19371164
33543941
29531254
31054149
31669359
28040509
23376485
22837156
22539313
28282139
14650221
33028193
25401993
32219766
33621079
14681466
29019139
28992305
30464214
25764121
15377031
31777090
14751989
27899622
28814509
19336443
26629978
29072706
23335204
31860055
15141026
22484057
27899654
24301089
17405153
29572163
18803417
21063952
31474000
33201162
21827426
15669258
28819139
17680235
24918111
23864479
18823141
33514014
16356278
28940701
29530678
27975210
34340767
30852817
16484627
23626001
18428746
27817217
33687720
32441512
23529396
26857420
28544375
31296352
26966686
15490440
25801638
25186471
26700051
22665317
15000406
27397611
30519944
21142891
23081734
32099006
19955909
18283663
34373457
20677326
21028795
27857205
25169739
33272019
34198014
24813894
33461461
16914146
32607981
15061371
32176508
23210989
27853976
32643271
29915187
31972344
28327085
28070933
31601298
31545609
22450469
22965736
28555376
23844127
28758805
29662892
22498631
16352652
19819887
28699966
29028400
32782267
19341828
31470587
16366502
34431655
30880762
26466526
30872775
30203655
27989939
14603283
26711623
18351383
19411290
17031794
21901833
29039980
18287774
24492748
20950718
16335995
21850335
25301683
25676057
29257293
18510358
12627376
32859984
24961376
16785248
34197092
16396509
24766612
25090448
28986817
30505807
22370162
28105913
34043365
25488355
23878158
33007464
29019138
31578773
22535207
25641928
12210222
24792350
22500775
19137544
28867489
30404448
16763580
29196234
27841354
29544540
22397461
23977166
30571610
27153758
21137079
16819721
16083271
32387712
25620666
14690616
19501829
31502717
32035230
25284204
26508685
26866790
26167961
26519167
20013799
28789634
27282922
22233066
32629194
34384221
27151289
27617391
14594723
23019139
23533138
32630608
29087609
23139772
31390493
24735915
29799716
25611201
16470664
31911630
31551472
31034157
17761002
31469014
31647066
27444576
34516047
18324766
32032524
21710550
29708722
28990322
15504703
31519406
28061743
27437033
31244209
29700069
17295351
29572246
18615429
29947803
29665821
29658936
19253294
29019132
31699904
16861929
19360783
23135851
22285629
34213109
17951628
32600057
19617888
15165899
33135400
28378827
27474340
27075618
30672687
20080512
31119625
34099695
18854102
26721743
20461098
21462344
27908826
17327502
23807191
28575146
23756228
19997739
31432413
29071490
30875230
25763573
24729313
27975280
31002542
17295358
26071081
25839223
17644064
18173223
23592955
23956148
30792265
23848272
23827258
34312990
25461723
23161580
21751360
30654666
34338531
30259485
24839213
16172839
21396361
27017928
19862761
16339745
19442222
26593549
25492846
32500712
17163442
29782831
17146837
27321584
30011186
34236853
34340775
26288259
27072892
28441545
19381576
23663289
32375005
31754045
18489134
28137579
20832510
16914436
32975419
19448640
23227840
16847874
22160389
25380701
22522811
16941572
20556954
20845334
33540062
16243714
12872131
17559253
27208787
30252093
17492944
19153700
31471497
31820386
23320285
22887638
18408245
32094787
34474557
30259494
21320650
31087097
26508451
21834580
16945957
32462584
20103771
25260248
18281324
12566010
19445650
31301518
25697819
25979820
14650224
18673293
12239277
24928210
22352882
26111196
30852095
25346219
16887931
32561711
16446289
22740463
17022643
33015975
15669232
25408474
24568357
18261455
27228550
30978463
25818723
34236868
32830402
30230342
12837592
22181661
25534881
15163366
33127976
18284188
28571969
32374735
21472614
34081834
21142890
17623436
17942184
25464366
17565973
12934931
21354926
19003868
22708129
30107080
21899334
28582591
31657488
18951807
19782775
22132074
28287540
12566009
31582842
19960473
22428558
23340323
20218729
27459711
25277625
27809536
33352054
27896769
27048349
25712262
21499210
33517085
23875961
18763705
15782178
24913465
22744810
26412744
27020882
27975224
21462346
31181499
22511459
19953540
18680455
34344000
23203042
24417624
32008757
25568899
29092939
16381922
28839187
30259496
33067450
19323533
17641930
27175778
28643936
20186751
22225547
19834890
30255909
30872566
20348542
21966358
23665456
20707866
34549933
16825790
27052409
32924238
27317869
20198640
19187558
23784626
20797457
18287778
30471240
27894246
22443261
18059312
21268280
28893107
27030549
24998433
16721906
20641139
19381589
17706087
19908007
29329019
31507063
31842847
23576334
31428956
15944454
17441688
16130170
26586174
30099775
28137575
22926765
27939605
21867782
32535145
33387776
32529428
22462786
23414385
25775046
24761843
32200115
23160951
32022057
19783922
25820717
28827280
21813418
22949509
15968122
31743035
21764629
16041674
26585491
20462421
27102495
25913743
25231264
18287770
32846579
31732549
26153614
30088773
33769819
17955217
18937560
31939598
19015139
24782442
23076535
30044967
16706715
33246829
30890455
25834426
25494525
22249890
28730482
31557040
27794205
21417000
24333276
20159717
30798302
25698223
17090601
30428136
21999516
30997936
17370256
27605470
26000831
20662485
34299167
22451271
21877275
31549684
33545227
25331159
19168159
27493009
26020181
27291504
31755044
31552623
27903464
24162912
23153792
25038742
25991688
22206736
25429717
17932810
34587451
21145408
16036609
28189057
21692469
33153009
31727118
24418522
12747583
26051181
23280976
31232531
25150613
20072939
29323663
26780156
21647955
23625394
27718317
33630606
31382838
29663059
28276747
22623423
17119969
20662100
29868795
28013170
33067419
26576414
25820713
23401131
18572863
27920228
18089551
22029473
31119864
12139311
24559242
19279071
25900405
15451510
23828816
30587091
29667544
30612793
22114103
23856902
23879539
23996252
18039691
19670246
32800795
31419061
22040741
34340769
23934789
31999393
20536306
17610211
21968569
23378003
19764064
26025969
19487546
12435437
17151019
29425822
33666082
30628786
31817880
21604119
28601559
28674880
30207155
26839187
21619611
28970103
19241026
22539435
26700042
20309891
16408205
25321649
26331910
32362126
16113400
29653266
16608429
19354301
31919953
29019126
22623420
17022099
27873209
12748949
20218691
28527949
30350613
20233642
18816081
21678537
17237091
26748468
28263321
28828666
29936833
31110078
25855955
23527552
28629147
20058164
25177933
16675505
22887946
25624350
25257180
24886809
21472856
26437904
24562620
18601857
19545177
26560066
15486203
29970347
18166008
24027087
32077687
31432421
25782008
29859334
18412963
25315903
17960732
16563527
30698437
17314511
32462581
15059280
24611565
26786964
20977879
26834087
29038160
21737087
17366898
22569486
30587811
31432414
15834404
27576725
29737851
22462788
22023822
27224218
19658398
22634566
17051639
22159132
26105825
32690943
21137017
20699386
16630896
32462576
19629864
23129563
26539504
19800778
22455665
17488298
26538118
23026550
32032526
22623221
33950488
31857603
30385480
21751348
31432415
24406298
19352541
16785642
27640904
24007337
23796909
34587999
31645615
21042776
17654619
29427468
22956100
20121483
31606080
31697011
27762135
34115359
15713400
30046851
24789758
34028441
12298095
27763718
28792668
23590876
28730476
26206181
26332097
33159892
26256475
21158445
22070463
20593632
27070328
21876204
28669816
26159399
33452840
32539344
34239096
25825003
33099676
31576663
29627265
25133588
28120209
27376927
32331649
32710413
22402058
26609953
16938807
14687967
23466312
31097712
25810140
28794046
30175587
30300798
27324652
31990573
21161159
31768060
23375457
22950739
19381597
33975751
14650223
22057044
26536224
25170899
18369872
23096779
34201770
32307725
28944503
17444668
18186533
19997597
14625860
25619855
28095327
23349114
28137573
31750999
25900673
30056254
28552682
33187080
17037911
22579745
29124938
25857574
22891955
25977788
31278641
29300930
29407476
25448019
21705516
26632656
32107876
22526845
26947553
22324873
20019804
28763705
20038609
23811541
22729399
19351137
21327597
18334958
26418702
31148088
22927354
21772258
27928935
28535694
33129985
34185526
25760677
25580831
28489901
24985774
25900664
23359959
20807836
23512833
16083277
24697261
26654049
20309889
12833528
26700043
24947377
24530625
23562779
19382779
28495502
14681408
18453552
20052998
30948622
15707829
25751307
19674966
32032757
16342237
28419154
15352248
29620868
34200462
22021278
30128827
29989796
32232715
24900998
31690884
23520512
20015393
21300622
22452248
24365568
28828861
24281761
25588721
29929037
32134668
26652794
19414529
21672643
32266843
26047713
19778645
19184982
28180990
29032550
32534213
24942700
33202127
24309898
28949146
28508369
31315557
15952743
27477319
34172147
23533086
28669814
16736452
27757514
20082813
29879216
25379629
12833501
25578910
19882661
33220435
26731728
18693323
32988739
27233776
18251249
15723814
32686412
15113096
33064489
32911660
16596711
27797338
19243122
27418433
27104235
32575983
30391228
15627238
22187530
21072190
23420633
17623427
25285821
16000073
32458981
26254009
29491378
23230279
28537741
21928292
30421914
26850699
31052189
22847975
20043713
32398672
21604122
33548507
26454001
28664598
34411749
29019136
23781067
29066549
24090752
31646870
24972321
24726903
23596053
32484334
30777029
21365762
16929670
22027861
33861516
28674879
19381573
29605292
31554054
24267406
26853600
34065142
20334419
24351084
23033477
20377248
24558093
33074000
29474001
27685090
30343672
32673475
27449313
30857095
30552614
30257219
28351641
27255222
29278784
22373085
22085090
26196237
33037224
22585751
22036744
26912512
25464363
26246491
21630459
31699809
22585487
30446747
26698090
28729386
22463384
16991197
29259042
32786689
31606092
20827733
12788545
27569049
31056257
33096306
27865782
32386353
20082816
30294796
28771958
30265008
28873731
30675960
23601281
30297783
26149624
21423961
31585894
29361465
22329422
33529527
17549791
21314112
15162963
24895011
19019817
17570520
34482126
24681921
22484522
27881036
30178262
22771841
26987276
19235289
25820731
15136174
27070597
28887518
21094684
25867794
20102621
32193857
29154537
28467696
32527800
30609196
21243509
26519184
28544614
22559859
25689267
25475079
27821049
30524136
28695748
20058172
30472625
12877381
23606351
28665021
29241553
20971221
26804737
19432989
18546156
27975218
20175567
21802400
23419374
25691744
24448401
18616929
15713966
15565873
25523935
19854443
32415754
28135259
19487543
32312845
25563515
25476789
26705257
26013412
18814335
29440596
27487407
24606962
27901089
12581199
20135232
30220210
32554214
20104618
33856812
27281174
20307072
25287133
27975291
28696408
28611393
18922030
17249711
29626626
19734589
15110863
25811139
19755178
32407666
26251320
31347042
29501709
32558146
34328184
25639878
20863060
23016286
22513220
15163362
23434634
23160985
33301673
33301959
19351682
24308552
16335950
22313117
33219668
25442577
18988122
16429408
32509863
30287546
34469689
28961394
30104418
20382631
18281682
31786507
31436170
34679255
30217057
27329572
22728773
30576486
27147131
21058741
22594965
30136500
28755911
20107991
15648051
21726075
16231421
22339560
24757174
33033935
26303878
24423599
16309362
27585996
24254231
31917922
22899260
22853965
24889195
27890796
20932056
33076458
23929585
30010035
25502542
25383893
17022655
28965414
21372816
23943586
16823987
32129078
25030584
22665291
16784548
33693858
26820222
19810030
21774219
19907977
30284957
19554422
24915626
32229427
31522126
33112629
33401000
18783261
23113808
21166477
20556946
20959821
32865869
19489695
31681627
24723472
17022658
24061002
30980328
23063721
27565396
25867201
29949751
21080908
23681105
25728364
28674905
30573830
27808266
28137568
19367696
28934234
31454559
25857279
32797796
29422072
17049938
22742968
31552629
15359744
21935452
15384161
16309366
26260330
27512079
23369865
20044835
28003598
23555213
23547002
32870245
22292075
26743025
30535709
29092020
20935347
27451424
29184101
28356110
19731379
16335967
23246712
24708184
30378029
22902405
23984759
28356562
14761300
23030644
26247880
22087229
19650829
21193538
18259167
16381953
23124091
31685960
19267469
31288842
28627465
29717934
21928291
17331236
20560467
27498711
31228583
18287783
19544491
19834914
16104057
27444420
30861358
30954612
20392240
28724900
14996856
20205380
16178048
12858183
15280050
14650238
27989938
33596076
29332401
23798553
16947118
21468956
12417050
28612519
25079060
23044792
18798661
14747694
19648668
17172675
26961516
33278752
17562279
17949049
20002913
15451512
23591842
27765634
33857836
25504905
22117078
30816960
15140760
28073423
30130116
22485206
30771561
15924362
24129170
32736140
23917074
22577022
23509072
34038140
15972001
23904508
22067702
27087306
22174278
21596013
28188530
23246975
18385731
32103020
25534883
24136519
20604530
31225595
14680800
27236695
17072854
15215412
27975282
24434803
26776818
24587382
25355572
22457332
16377746
34411763
32992125
27528457
22161325
30358407
24304897
18930411
25208982
28375945
17269163
25643849
24770735
23858714
19635413
30700156
29907827
27864386
26307769
29934862
20709078
25900983
23884867
31904341
26178575
22728600
25749707
12768603
32299863
19824718
25466308
30831029
20349988
20972267
19109306
21630457
32192756
32846035
30367573
23046066
32387672
15636757
21751353
12934927
19381451
12139309
21837573
22065552
30735395
32451997
19367715
25104396
15276429
22154826
30772490
23716368
25117199
19894762
33950491
25293756
20807952
27549116
24386479
26463136
27799293
20110281
29019141
30359315
22222045
29482568
23874695
23438482
34260159
25603280
30259924
16922269
34126386
32001333
28137566
33687719
33687711
28684183
21058340
25051177
23981839
23125154
19387790
32155916
24030981
23116040
16047309
26791873
19275152
23181269
25210975
25221861
31084432
22830426
23797974
30050160
28607426
16240289
28000508
22393789
29947897
19055481
26233761
31409882
21204256
25090193
32786690
19343716
32219755
18367780
25716083
31246436
16512669
27324303
26700056
15851850
24649822
20647383
30760200
20620248
14998173
22881118
26276717
26200910
29807137
32365127
16155251
30884586
29927748
22391494
30172868
27455965
16452089
28004771
26676081
19508201
33767232
26867521
19109764
25050567
20078137
32027144
24912534
27105725
24610664
29441425
18027903
34053216
17116478
21137015
32885592
15482817
24727715
31940282
23603905
23523702
29380334
23251662
26903627
32515949
25278616
29161009
33908254
19034266
30292161
19110081
19360788
31151997
18491358
12929181
22566207
30280576
28902446
21852304
20127685
18175334
32043988
30284448
25896738
18416436
23027712
27924612
22581177
24409319
12929180
29498159
23537399
29932826
18383624
20144663
23157909
24054592
17241233
27750143
29797682
25350270
18837535
32568242
33687715
28433889
27932303
33190502
29197000
22256890
23203049
24586590
18029349
24499935
21268273
22413971
20162560
26907496
18249191
32125181
23663294
29080872
17557102
23727926
29528569
22551153
24530626
24668066
21268264
24389084
18984621
30858367
28267743
22792702
33154365
28189329
31896815
31384044
30099871
22436009
21920475
25845767
33140963
32032466
28530744
32750637
30852812
26367142
21598921
20121473
25708693
26099114
19377485
22665301
26350236
29334660
31056672
28353236
31899766
22543060
16889012
20049859
12442250
29264799
28161514
25476245
12834973
22359915
14650233
28358882
15663581
30238754
25352669
25413884
24723484
29610270
29152854
31141184
26700038
23466311
31733416
32154730
31629059
27235723
33904308
30366121
28393582
27233742
30518572
23982161
17000643
18287771
32710445
23891776
16929676
29197330
17553692
25152083
33573382
18525077
18753793
31931330
28195392
17533221
17636887
28674873
25290828
22665293
18388127
25780999
23431486
33230158
25726569
20426490
18996390
25244421
32132230
20943173
22587609
31176012
28202660
30849139
12753700
26585460
32172757
22231900
29019120
32243163
12798860
15358272
28689405
18327898
29625113
24576641
18212004
18067250
18484873
15114355
29463416
31693783
22927352
22171319
21085642
19603826
15652807
31121981
25978394
25283129
26691135
20304016
21117664
15839055
22820536
21874006
28855124
24669763
29964258
24789573
22328225
22131889
34355890
22869554
29844523
28834274
20092350
31201206
25295926
31388979
30276740
32779202
33185454
23927012
16774037
30691227
21837365
19705743
24914774
29151691
30343346
21334471
26896845
30936521
19706548
22537090
30085424
22539439
19041737
28674897
32853775
15814028
27689507
20707916
34101993
33720732
23300126
32971366
22548871
24083549
20077411
21604129
24376074
21642410
21575182
33026322
22187521
25059386
19499333
29572161
31818571
16691555
23661174
22669911
31368045
26427490
30988472
21707029
23625397
31758461
18318009
31559753
14523412
20839810
25327611
31635106
20139037
20599030
19049960
31336746
28412812
28137766
18051435
28437237
23545168
25800014
27453442
31532911
30276734
24646267
33301765
33996268
28389918
26233254
27826074
14997485
19053083
31959150
19751767
25338131
25514565
15913587
22906602
20062871
15461805
15650968
27696855
25216708
33175545
25547169
31370875
25720475
22519534
34411764
24127784
29787335
20877905
15359732
29331638
19222993
15502163
17343403
25662022
32109608
25734986
31622013
21618965
33017648
31647248
18047272
30693776
28406174
17690871
20077415
19526548
24610633
28910323
27432805
22539436
19834888
26295456
31767506
34299044
28627733
31861998
29380307
14650240
21077834
26692494
28746408
26518761
29019134
25712329
27045941
20690604
27975211
26358842
12139306
31277227
28713028
16929671
29035294
28933205
28828667
31978347
22813876
23770298
22428014
22903706
25909245
32916130
23197359
24108682
26757066
23584983
16991194
21235002
19395707
20026476
33660510
33266304
27222170
32555742
30295851
21069142
26871455
26747763
30694515
29693144
23911961
25744299
22335612
31861640
24564473
34502484
22959775
34215064
29877633
31631581
25062817
25088000
24838640
31763793
18544840
30072576
22449141
24892799
23436750
21632744
23000592
24091741
26342672
28648685
25350865
25367160
24512091
24990619
28674903
22065219
29455850
33735571
20972790
31606086
21186571
28628219
17012025
33359940
12547428
24200585
26442468
28482422
26538482
26546455
29307719
19996160
18841878
14651857
33758316
14650227
28674878
19734150
20205716
27936753
18604844
33471535
31981311
25355577
26712745
25107698
19709643
25463755
29377007
21480525
18453551
22730495
18528840
22623171
22349375
17274074
27886402
26718741
16544276
29433420
22077639
18490959
18298841
19711906
31820567
33687211
22790023
25050524
20108312
23627166
29481576
29873773
28141873
33660993
16381900
22245418
29924597
17177250
17203973
16679049
25053490
22462047
31432412
29054504
26089344
26928316
30951907
23059536
24895218
20812734
21087893
15352255
23558336
17124183
27268958
16287159
32012899
18476540
32813527
33628783
28033346
28319745
25461721
26265347
32202800
15540212
29498173
25488653
30092381
21137416
29976633
16927349
16522849
29224620
22300578
30985016
32567419
26733498
23090842
20959013
31731051
31851916
20827734
29534776
33934226
27775233
19798668
28036352
15468290
32929118
28099886
29466715
23841881
30259495
28374783
19697172
27891540
19344107
30276744
14681432
20058163
25315811
25660066
29584419
19606093
23296270
21204257
16901100
32831297
32906150
16792803
25358049
20403776
32629387
34474840
27079113
18972466
34352427
25576301
18707032
24377931
20482888
24498877
24512137
22623359
15582580
26754146
23712969
25476145
31789524
18494036
23203071
31722230
22733688
33724505
16807148
16470651
23019148
16335988
31068286
16526092
25871442
25014768
21751370
27184738
15134783
26004357
30259488
16523451
21376147
20095644
17447238
28188523
18442284
30862563
23762862
31785380
29070798
26272148
32228239
29876812
32683538
33034323
27478071
18708664
30995072
27381298
14871957
26152594
20659834
24616185
34055664
17804550
25203987
29058591
20577799
15229607
14650225
23568019
23749068
27344310
22138322
27452465
22589190
22623277
31270436
14650226
12821722
21103051
27488052
24763107
32061181
23868850
16602680
27706672
19167528
29291808
23592323
28271721
28811532
24259508
27994211
30378025
29989826
22936677
27975216
20936720
21036714
27815885
31860302
23193087
26961938
19072183
29929038
33443437
31836310
25367296
26342673
30428476
19435289
26162436
23722187
25603787
34119693
23385357
21751351
29983274
29289568
26519170
25862646
29193311
12870335
19381948
17994622
28674896
31861944
33872299
30204005
12833522
30373828
29990557
32777086
24607654
20124332
30668094
20166139
21695689
22504796
26210591
17786452
23225046
24818365
25476450
31829970
16428136
33900084
18547137
25925092
22827563
21379382
27975229
32957646
18614565
18633482
34292600
23065006
21938418
25769420
28667274
25641790
25431113
27966681
16820240
33950481
27239471
29338241
31891638
16772264
33204393
34507765
20925432
17625117
30259486
24403597
30891909
29338716
29589313
24145142
24586458
21848794
21545686
25659849
21772262
28951044
28387650
29465226
20406453
31859329
30867825
20666481
25781987
17490626
12949916
25355565
27000838
17852009
18491317
20121481
18310057
15700244
18820470
25059295
21361340
18287772
31940168
25317966
18287767
17068186
20329760
23899588
27975214
23267104
26243018
31407296
22480594
25958827
26667816
34469131
27581094
20887564
24434149
19462762
26700039
28674883
25347991
19837981
17562281
32736137
30852820
32581040
17952086
24615062
18324749
24901003
24952195
23813942
26214306
26749402
20560462
18002703
28043689
19697039
32780568
24395566
24704857
27448560
21919204
19503621
19519530
21905221
26964044
12827694
19921684
22180211
18602503
33107155
25546510
33980005
34133848
27427331
28304171
28284537
22040604
21742798
15020636
14677091
29118436
20920849
19619681
27682196
19933164
31919359
28695212
31706025
27406709
17922513
27490675
21122124
26764010
28674874
19685898
20506421
31733605
28508368
19003865
17377489
24391035
26308585
25234496
31069113
25825992
33356312
25722459
25009143
21133350
32727183
31033461
25209637
15583675
29447197
30825662
16202541
27174698
21350782
18182713
19786127
17443640
32328876
16381085
34251175
26648572
31091291
28365999
24751585
25981917
21276792
22200677
31411056
31410451
32846045
24108681
15221748
28972080
19941309
19942379
25355578
22339264
18250030
25763623
26510496
18393457
26308372
24998436
23748837
18393883
28730485
21500348
21285413
26385000
19538121
25905469
25451739
32575886
29510929
23085226
25921224
30188097
23728367
27246553
23281267
16546995
12577068
23566758
27432266
26707809
15389845
30884182
31395204
16534746
21373199
32320823
26403395
23624559
28086232
30624053
23264352
22416669
31599373
20736408
16772266
26683443
26700044
21218622
20153846
18297816
18474516
29187543
22311764
28416555
22821267
29987793
16222718
34292740
22361341
32431147
23169257
28882529
22966064
23601643
30350605
23138303
17716185
18808175
25845584
17161675
17687353
12703322
25233445
16854240
17172689
16143004
24495382
25921434
30012418
22313051
30259489
33285428
32218446
30259477
31131510
12124925
29938851
17690038
23319436
23202483
26653538
29554569
32416315
26667653
29555362
19267493
25303514
27813239
21630448
21089393
19882656
23027611
20804217
15989237
24136558
30616350
18431506
16819731
28827567
29641186
30093420
31483100
20640409
26655677
31618606
28074615
21972973
15652796
32896182
33693651
23115268
28319648
25191796
25545995
20166708
31258068
25402197
22570525
18040063
14614587
18662807
31870366
19780627
32445911
25389644
25931509
15180895
26956660
29019137
16491605
33730479
30059200
19919853
18452278
32128557
22623410
16572342
25045083
28281648
33262095
24594285
31429845
29593339
30518910
23695934
15652802
22920994
33169398
22062160
23161603
24201382
23268117
20061449
32996481
15352244
19624269
26483028
15635413
25451168
20451157
29735996
20810122
30047063
22266485
17407609
23571024
23584147
23161666
18563752
27074302
33460299
28076760
27619227
20175082
22702841
18002183
23804309
22067142
14650229
28854753
30415533
29223802
25307156
22971110
25828799
24651500
19602707
24805349
27784645
29055021
24006915
30414515
18284189
32199834
32576591
18439691
28218733
26040684
20540116
14730684
32701210
32865326
25231799
24259518
32931287
27604744
22796351
31805390
28436483
27766959
26479319
25587132
24336358
19743414
26252020
16579610
16929673
30251724
24412201
16581319
25044017
21517945
25455107
28548456
27088673
29880200
30564232
28387652
21486466
30276753
19637233
23773576
21191033
23986405
29720234
28678862
33722654
26392051
17008992
16978890
26390302
23580405
24214729
23072643
30991638
21520503
33533601
31138236
28916445
30146318
26082896
21268272
23855383
32065835
34297524
18171021
21300183
32910682
33076839
16222423
30069058
25093596
22210691
22333198
21253875
33274442
25723528
24809469
24946223
28079298
26189946
30590131
28514846
22001959
17373840
12748942
20222723
27036527
28795795
21867535
32131734
28544771
21970549
30508371
27712956
31787721
21082445
31584612
22246820
21382686
16785648
25461695
21557676
27763534
18309256
27916117
32002900
21410266
33113081
30296079
28366863
33950503
25820714
29218874
28674901
21538912
12837595
17332889
29576497
28137565
16052627
32454159
28067018
30280895
30269247
23925534
27019332
19348461
29734068
34343808
21695224
26572964
21545539
25376990
30795634
25357264
32019949
19786096
18051867
27717184
30502510
28710622
26046922
30026288
23417839
17506944
26657080
22079248
17091378
16823972
29080867
26047021
27423895
26216291
31095856
16860433
23692923
22224404
24406299
17259147
27940385
29706546
18653799
27686804
30578558
27198528
23776068
28688084
28771510
18040985
27219663
33500497
26648486
22684992
30980327
14625856
24105271
22645752
18624400
26655756
28903049
29530892
12520024
20103566
24842164
19448641
22664934
26544640
25963835
12833527
20466843
17787036
19670910
33806079
22539433
22329444
29964200
34351778
23398735
18284050
28847647
28674876
33860983
28898534
32998701
31868867
29941660
20017144
27849439
20562346
23319327
32650378
15642185
19405025
31825849
22154201
25239011
33172275
28507299
25666036
27391064
21922190
26558506
30670635
33694234
15221754
27323032
26076362
24633201
23583077
22394196
21236367
29792824
25621425
28734369
28153913
21736591
24262086
30737170
27376776
26545400
16077935
30972727
20226871
17960731
32612191
26305368
14726492
30205118
15580864
30268604
24696150
22837721
16511813
23153791
25418359
22065218
19325216
24452867
28941200
23443088
16631421
23429522
26614287
26105977
21077692
27057777
32910134
24243660
31986130
33450407
31728966
16429460
21842849
19663468
31181768
30868520
12927430
19782774
33950505
22372944
33983480
30852826
17172658
18849571
24033749
27198765
32574643
22272738
20097317
21531034
21468940
22331624
30648812
24532130
31844049
22509807
24643562
25301710
17902639
31805768
22991715
16732326
26801057
27085598
30802218
17655344
20868380
19801377
22315092
28785876
28339481
22944674
28503907
15887190
24889071
26700041
19121650
27746046
30556895
20882974
17286284
23798506
22462791
16991195
32820635
26949200
17567165
32168457
24564501
16810707
29288449
17885383
27001971
31219116
24712722
29443976
17690205
16941573
25820730
20846443
20560463
25181679
23125184
32462596
22339908
27089221
21614181
27601599
23898635
21414725
20077630
19245218
27852671
14650228
23047902
29984981
12442249
25366400
32149296
21728179
30652271
31229693
23178419
33393514
33560292
22519560
31054967
16888724
16470656
19470414
33398190
25403936
26147661
24641689
34211188
31412487
19629718
18250062
17407130
24907934
22539316
23000594
33634576
16730660
22285593
19301323
30925356
30946084
34087388
27265321
22837157
28137576
20353030
26920868
25365400
21334484
25069323
25299163
22589192
25382407
23079074
23281225
33868309
32376500
22002957
31236842
22031278
28358042
22746247
33992839
29392697
28599205
22700377
20509597
31899367
22874012
30852821
30600897
22302492
30235455
18972525
22364583
18452232
31309410
25028499
28578850
15725370
22945397
16772278
19294352
32418437
26222086
21152398
22191580
28730497
14650230
30002438
21360683
24982972
21373832
24231109
19691290
16381952
16522859
20041161
23481224
25369543
27279488
16544285
18972542
26435419
17675365
22480908
15469095
28870009
23250431
31268347
24906024
25320303
33257825
17208939
28257333
32651226
21834139
24667214
28606141
23221610
26111759
34043824
16502470
25664544
30489086
27001414
16496006
21480526
33950483
32060372
22830337
27109348
19834894
23550723
25641875
33806404
21079765
31846769
18433156
28077793
22871380
23458625
17471901
29347914
26330293
28132156
17187689
22160430
16429463
16267816
15107238
28247073
28674906
28315244
27649139
32462591
28484941
25179675
11818024
29582644
19882264
22493183
20480504
25281564
22991145
25579846
16223028
33170010
29122912
28165663
29438851
30807179
27957804
27573346
33574048
31669360
30889548
16335993
22544525
23386204
17623298
27975219
33608539
20601273
20459778
22338609
30724464
28674894
16102271
28068390
30837475
19743424
24533432
28101920
28750222
30339551
26773059
22426468
14681486
18327805
30644093
21088845
20374942
33452728
20219133
23075796
31850641
25697342
22279554
26621492
17973291
33757866
22665309
20057284
30755466
24086619
17474765
16201009
16929678
30967486
25038066
20690674
15359742
26064985
22623320
21377756
33557947
30594179
31683344
26151086
32293536
20553383
18821527
19012428
20889836
23178875
21980170
24901219
26133526
30658567
30776456
26374382
32334493
16212444
28198105
20184388
17893076
32445864
25159420
33183009
33339849
19332162
18971338
29196895
18808174
17696517
23161438
27703189
28282540
16901217
30651217
28092479
22103262
16807943
32079518
33840765
24733778
30268686
30104604
18363324
24532839
26510619
14681393
22092770
33253581
32508098
18162134
27765220
29436656
16038019
17557764
30990045
33460719
33823593
32679042
34292731
34043369
20195530
15491805
14656149
32329335
18213447
24856245
25585129
24601666
29231898
20073521
30868259
20397272
20397722
22102008
24588624
22028381
22197968
19098097
32269285
15287976
17607160
30860807
24748035
27405093
29679077
17161663
25671558
17978581
22359930
25529766
25384094
32681491
25926002
21925605
26617019
17120811
22098468
32711165
23104411
28488414
30951540
29977167
20973569
16059755
15908045
32492430
23001842
22086010
23485913
21462345
20682313
22808953
26074025
21071393
19525549
30481034
25523930
19296674
22903720
23189193
19504497
29278786
30852822
20345177
28358320
26762041
29469990
28242451
26057846
30660768
21348435
23425763
25196024
33253578
19562796
30926673
31256343
33216751
33199889
27328449
23938206
20072937
16602683
30081179
24548118
29319346
19838170
31931839
22110655
33606240
32111700
26573373
22634040
22277183
18855355
17952643
28829951
32332170
27530777
31585756
22309186
25504979
29032074
16258168
32617950
23765677
14625853
27120713
25338220
32602824
31494281
19798681
33607292
27020565
31968176
34080435
17493794
23618375
22149100
12592411
28508356
30095226
29665991
33051654
27975217
27761697
28634120
26754106
22398612
29921844
15190086
26712829
17373644
21204251
22527513
30622160
22821265
16526084
28994197
26445171
27665563
32388983
23901746
20666514
24773128
31538697
31352074
23376486
28000977
30011845
29631484
26746009
28244177
28816642
25116090
23125171
28976778
22903721
22967080
31233900
23879310
24140321
27430254
31844116
29359342
19723305
21468953
23106611
18638580
27403523
25290359
15221769
22960565
26562528
26839151
16544280
27086506
30548171
20359164
29281256
27229456
23202959
24136545
30327431
19360782
23666728
31000743
31490930
22534293
25982384
22168127
21268274
32780627
24080408
33336281
19229060
21319302
22907125
31109424
30276754
27142481
16100447
30396457
26519067
28764815
16150155
26488136
25837312
28730488
12788544
28112434
24088062
16991196
32612236
16554755
21949786
26634525
27573249
18290607
15378742
19371136
26603831
16411268
20437057
16421934
29172539
27510400
24906023
22296100
27913581
24505015
21681991
16445353
18715028
18309676
29414762
23972258
31424164
28591565
29289898
32750382
17661674
31070328
29857962
12654719
28365405
32878319
30065159
18287773
24766658
14730681
22531218
33469060
26348888
33860638
30276729
32462583
26167486
20061580
19426766
31987525
16411431
31039306
19164277
14685199
15605086
27411966
31707545
19215933
25818725
27426920
34319755
33117738
21751345
28585547
25399117
21305017
21840428
28605028
31772123
32126221
18814325
34110778
28435053
19766275
33270201
23846938
29155090
25064252
33499602
23201115
23238063
31475827
31881116
19834913
27283471
31285484
30048775
17696521
21076176
32687632
31274323
20701290
23813941
16493707
21061424
29129749
20212332
31848428
25109467
26836501
18586755
31612964
30893634
23874603
16691549
17850064
26491818
21988637
22728062
31063819
22188275
14961748
27477600
25058577
25111084
31363125
25819112
23611042
24498275
34110797
26552605
32429128
23212173
31945707
25404527
23456981
33186792
30151768
15314609
22641611
31414377
31877049
28674907
21413149
32126222
25641766
32895444
28366878
26196515
18986194
24597989
29464977
27236689
25395074
19582720
24938287
17542627
30398659
18452223
15352250
29438850
15113101
25789769
32125861
23895670
29414760
30654662
22589191
30909098
27445423
24997997
20559414
16388402
23670049
20199111
27219855
20473970
24167995
26686737
19559023
20408570
30999875
15211805
15239931
29496906
33166149
22576820
32117801
16021519
23464856
22900790
30019162
26616104
20192274
31723949
30562664
28138785
25911096
23584146
20932085
21740021
22040141
22730241
23603790
17904518
29970457
21318909
23042184
28976223
31495056
31416743
22537821
22243521
21533645
21112346
22835775
16906481
25429773
31549843
31811746
31622046
18617144
24161454
24635658
22217156
31839598
22356716
22276854
30125121
30149319
21106004
30500850
23654195
22633274
28484215
26147478
23133575
29733200
27762562
15188401
31234367
29988108
21095571
31113914
27521611
33831383
21999831
23757146
25502033
19245797
31951383
31625351
22528831
26814186
24480424
33589611
19743411
28502799
26091340
23909873
22801420
24617796
28678506
29525964
23768116
18957120
31286493
26020955
27742440
22691689
32335295
29551158
15751120
27834142
23907795
21846996
33990310
15258593
26935855
23349036
32028039
28687556
22468137
25664862
28174039
32785522
32362261
23596791
25753122
25299960
22079833
21821530
31154437
20049856
31145734
32732981
28698911
17577589
30510204
26690416
23370702
18203272
30174312
17022101
26081972
20202919
27314339
17644812
33266209
21630455
23228329
24098719
20146532
33169521
24579871
25060758
24947908
21853102
12483225
34445296
16548050
27208096
31560832
23733261
32496972
16683538
14960226
16134987
29844191
19545149
22696468
25912719
25562766
19367707
30367422
28179412
16440371
14681387
30414516
12601805
22972526
21479294
34058018
24569529
31325608
24101494
26804757
16404722
33674363
19670903
15310073
16565715
33714970
15157174
15352236
19444803
30864274
19705877
19653698
33301125
29501847
31163575
19287105
16705754
32349305
25739084
29032469
22008042
12870435
15482815
32330628
21984188
27378031
26480475
21413810
26472721
28727041
19418016
24350560
23401200
24709963
24816681
16212438
16026608
23261852
17397244
25780901
19598206
31052532
26112267
26658758
23942315
29926355
16823984
21860587
22512868
33432139
30005928
28550302
29651938
30259490
24453475
25770193
26760953
25982383
29642841
32106352
16428137
23153068
33673623
27003612
30852815
22705714
22140076
16772263
15903453
19159464
27576726
26633258
23266961
32828399
31759287
32537767
31357307
21722143
24946113
20486122
25703434
29627624
32618419
32887454
18088372
25295583
27836619
34201710
28265575
19750512
17477556
18683817
27072109
28821603
29569437
19670388
28480704
16335783
18820680
23360999
32311217
26460745
30040865
30895174
16048909
34120052
24657264
26054784
28435121
24055062
32204457
26895036
22771357
32649829
28508364
23571023
27371348
30378017
19958481
28755235
26921831
30092379
19826008
24475748
32042077
31447428
30759239
28728885
20953140
25505155
26750096
22002794
21853032
23967250
31494267
33937930
15652808
18384107
34399517
16396503
26549328
22554246
18654981
29502276
26305539
25971257
30341342
25419962
29695722
21118733
16880943
23197375
16969715
17979175
27742792
26276045
12641475
21468957
27975290
20371990
26472331
20669988
16574134
22522802
22886497
32407631
18991932
22186714
26270265
22442255
32724825
25965256
22997143
24167158
16948836
25959593
27246700
27392809
30718980
32572507
21077607
18823568
19526550
24555535
32380293
34299332
31757973
29767655
18303832
28849662
25490136
19587428
24618588
30653379
21751363
28473298
27899672
22129275
21440686
20622334
15386471
22146999
25026440
29063586
23567825
22682559
19053139
20970743
14625868
16991199
23864636
22954596
26577085
30024987
21090758
28069558
29356628
30496935
17497906
21423987
21268279
21594674
22641835
29888513
29872058
31730336
17927911
27030573
25736266
14997506
22002106
25341124
24763314
32771965
23628110
18255200
32156793
23869045
28601631
31479276
17711322
26216301
29636439
33818965
26341052
18296516
21204586
31168855
30935231
23916545
31010353
27223872
25620019
15352239
32338227
26699206
19794824
23344883
25744507
17626065
21289047
33656234
21466243
22178445
30135517
22182234
21204249
33950484
26194304
33105837
22409352
32415607
29043672
27183143
27918051
24818412
15496282
24403596
16212398
16684767
28832583
25339367
21266631
23053573
31347661
25345657
23303277
26395771
20806975
27214132
26700054
23269363
31556465
31040225
28875426
23283729
19722698
20166849
17611312
18563753
31552303
28645323
28814753
33677070
28647590
33991999
32248572
27374837
24205016
15975915
29350075
24170661
31509194
17019669
30638379
26498726
22917877
24442506
27864514
25040847
27605073
17981593
31467278
30472106
16823964
29246518
28315250
32428683
28513109
25394398
28578384
22797148
33455780
28188525
26621789
30948171
19734139
25284179
23754495
28327990
25998041
33736814
22794670
33276480
16534742
33925237
17022652
16705755
29516214
21532010
23606366
22984478
23540446
16041673
26873886
18709736
28827642
25376881
24136538
22384053
22885077
31581721
28528009
17105402
19865483
32681487
29741145
25879664
27324931
18452225
28829403
30419281
19040010
29667502
28688014
31263111
19341272
20698499
23416086
18937253
28214702
18655026
28150232
22880118
20530636
24594637
16929677
29596899
27539861
26924795
30211967
20469937
30296097
32817346
28730489
31226201
20148517
33142795
30730140
20217506
27104521
26370163
33915895
30106995
21328945
21822884
24782567
15170512
21873567
30156101
30226075
31508727
33341081
29643398
30299502
33315917
17203954
15157176
24450292
26431429
28325852
16234091
12790144
30772974
32462577
14625866
31607066
32092871
31430045
24248366
20184379
27924931
29925008
31083952
30711722
22865919
26273839
30977292
16212407
15540213
31353307
22746291
29293692
23179016
24627523
25369532
21237293
23322023
22653788
22559202
25781684
21818284
17046705
22932072
27636375
34232570
25420746
18407956
18492686
22623354
18419151
28390925
29906693
19183792
17137346
29106630
25820732
24108694
22508577
26511951
32294655
30118597
24756090
32192224
32800117
31586085
23882025
30517875
25311372
33950501
22270013
21500343
30777893
23140450
20506650
23650620
20011064
24854043
16534743
21256116
26774351
27560934
28285888
26396253
23394790
17881305
31398080
15695425
25308431
15582749
26506382
24497355
34052779
19184541
18602720
29323256
33902455
31502459
19944788
25950383
30445421
23099348
30329070
32975123
26232077
29935336
24136547
12748952
31583724
25459340
18079679
32447284
22426164
27975287
21726049
23707233
12687621
21133346
19176697
27031334
27412817
33891803
29704899
17594486
32419461
30755138
25803269
16511809
25517942
25702133
18937255
31792287
17106910
23770300
25050814
19546170
31237037
18836177
22923678
29618377
18067417
31508500
22178446
21359316
25963834
19582709
22341915
20960035
16878704
23620052
33415401
22222976
23736085
25129444
15263852
26933193
28345451
28188521
15195106
19955089
22148876
20632938
19132287
20467041
31494112
17545682
27576435
26159641
19341827
19797158
23898821
30879303
22406376
17933390
26792642
16085650
24301770
14625850
15378702
30259479
19034380
14997498
31172492
19756047
26661933
31158671
33299184
33260959
21132161
22685079
29844190
17921517
17022625
16757672
12750306
32772586
27809547
17938634
33426052
18991777
25736343
17322870
26193491
33649799
25793409
18383006
21645823
22094879
29040688
25576853
28654764
18757068
32787870
20158270
27690223
23684312
21986561
22203690
30794323
27975215
23124128
28752479
29264798
31266826
30710756
22003893
19575529
31945054
30276733
17827318
23656218
33670552
23858439
25177766
33085568
29133944
33200434
26587667
32462587
20423864
28005350
15938849
23512867
25504917
22120138
15221762
23831370
22483170
21988832
22642211
23326375
18069416
32176480
30804049
31180492
29019135
23947766
21192688
16522850
25822838
31887191
20224743
28481731
21987572
22903709
25482144
14519190
22148898
15085804
20513634
15604668
28234898
26773550
24036035
28188531
31248186
25752359
22406769
27364638
23050552
16544287
31707663
12557182
22085822
26391928
26621205
23712570
28498803
16972288
18361516
32378902
22871816
20186749
28085556
15572443
27984204
29332824
29850553
32707841
28841977
25350482
31092309
32928406
34576024
27593527
26828476
20942458
33104352
16753565
20199872
27344979
21761557
20504364
26449285
24322422
17639987
12709418
22946785
19526562
33378845
32562866
26934482
29117212
25669609
33965807
32268484
25416231
32994567
31808345
19425618
23339084
16463902
21410286
21226539
17907270
28994030
29981398
32645927
28710486
27324523
26220717
30975897
19328873
21228217
24419708
23595958
22685060
31941443
33201999
14624841
34478977
32388186
25214213
31420692
21128686
24769191
17065662
25341202
24382153
31736480
33973768
20138393
22634085
28695509
27142241
33686858
27759936
24865490
28104352
32383290
27395796
23161654
23557376
26076492
25963617
20687614
21795856
25644222
34523341
26355100
23306530
33945677
20167298
28918244
21905223
24152191
28512230
19530675
27035343
26423727
28273809
16521149
17941819
29926336
25725626
29558883
32914579
25365177
33116222
16081409
28367976
19955082
28796482
16683527
20218732
26330117
31670476
18442177
30979791
31327494
25238572
22053820
32718685
24290895
28378759
22124706
19012186
22905374
32626919
25736992
31201947
27924013
30378022
27338356
21072441
30777892
31825151
21165148
32785065
32882275
20148406
21800425
24011924
32503351
28763106
21142074
26299484
27336623
26799926
19805454
31273728
14650235
26840125
28117396
19301903
15952738
14650237
19109305
23182671
28273097
20799958
19653696
19396720
19834917
24827396
23799004
22707192
22314925
19222175
22250753
21137016
26312558
24293340
25778831
28899687
30563556
29590306
27260493
22112237
27448621
25820741
33188009
22814249
31093865
33369832
28094349
22915823
15985654
17295356
27295630
19654078
17203949
21673276
26119188
27796950
28840552
29036721
19840846
32312844
15482818
17203970
26560065
23935861
28730483
31545482
17641633
18655072
17938761
22707618
33660633
17696519
28116034
28337988
22050404
27155584
31076284
22443104
20962300
24015282
24338571
25540935
32276037
27139336
31365874
26580595
15239923
15359738
27917503
27045940
24914093
31840882
31576009
27468931
17075984
24894457
25320150
19915716
16335976
23285258
17111438
29608554
28790197
15627968
24023665
32462594
23961958
28315242
31648642
22744980
26581649
20213576
16325551
21268271
27775022
23009951
19503833
29120501
27234427
31772075
14997505
31904544
27975223
19764811
26255944
31981602
20413102
22771313
28188522
23142974
14650232
28674887
20213677
30100455
16339741
25545850
19231290
32352129
30284223
19827857
25939512
22822186
25355644
33441027
22268682
15751005
16381964
16606699
16758446
28765563
24355480
19301366
21898821
19369195
25315396
34283579
30532202
27477282
29128840
30296410
32772563
33950482
20459141
27798950
28508363
29481055
32540363
19601963
25384129
16402356
34518535
15700243
24920225
33339840
22903711
12908550
30502705
23239053
20016748
28730490
30259492
26822097
25662467
30097507
26924043
23576398
20812759
34124897
24007660
31817230
34277544
31733415
22672124
33340957
30367419
28623314
19001347
31340039
28729539
29739966
24611579
26232629
26947552
22094089
33291465
18361807
31330945
19445527
17449607
12442259
28252112
23676674
28841253
18852016
25109464
29899466
33421013
33934830
16366504
31752066
32598083
27258261
34121116
29938619
22768807
28099887
21338724
28280333
17221235
23835435
17274767
23417814
16170054
32681680
28831596
22087475
23826872
25154053
21070074
27147032
20700606
32306896
24681409
28395773
23408685
21142107
26105662
20818499
21575517
30638020
21040589
31911195
29975514
16767307
20974740
33420982
34047983
27748902
21210718
18036563
26153342
16379024
22869793
19914412
28263753
29582596
17650073
30044099
27464909
23464991
32744807
21917755
18816082
21395069
17380531
33868308
26996463
17244485
17627096
33398084
21137014
19235290
30307104
20486119
26419256
24738752
20574525
24702058
22861377
33198321
23946650
20681593
31576646
27594576
24669782
32080254
28674885
15323265
27616206
25072903
33073387
32373862
15033489
27001059
32268114
33144554
28922568
31570191
26455268
30098271
24661243
30395437
18603494
31181183
17488504
24180428
28791255
22230808
22539317
34045743
18511486
24744574
30044608
29961944
16823983
16041671
24905785
25141849
22564818
17172693
25333711
28791256
33421004
31599596
28584994
28935861
32466345
20208520
29698803
32887556
29539623
22515101
23856145
25585130
33800973
30764484
30008298
34320313
25913852
15221761
19781669
26700045
19107576
19695095
23566259
31398819
19588881
31329404
16572471
27488579
21508373
30855196
25737116
20176152
34103282
24866292
33140506
29362009
26376103
17994621
20080865
26150212
32814107
29943113
30529997
25407697
28459814
20857450
19236571
23712609
21142212
26370973
16602689
17924683
28674882
27914072
17902642
24508333
28103802
23438843
32847508
18366325
27459644
22775139
19776420
24301747
27419900
17328743
33420990
27377696
21114520
21280223
28052255
32531632
23563203
22841943
33138038
17686759
30691406
27975283
29038038
16525410
31882615
28448054
23563086
21318480
30700158
20362224
23781506
30808967
19938878
23973467
32618524
28299440
23189679
33355349
15470451
16823988
32942547
20940332
23576416
23541716
32211346
26012114
27073913
21624662
18079489
24706774
31012066
19053806
27589083
21761301
17284679
33277485
22134059
30209945
32325152
26305468
16511815
28223221
14681440
22301947
32219767
26684831
31557880
21337587
33274214
16636656
29134766
21894339
16293296
30605725
17117549
28192931
19260763
29459688
15516804
23770588
27077851
33669432
21826475
16106029
33421012
22543856
28256566
17412804
18294652
31154163
22213549
29578572
19226311
15359727
27028342
31258150
24467267
18157584
25894945
14580564
18412385
29522878
19812395
31569384
23704777
29042648
28508362
21253868
30371771
33752330
24925901
18041034
27452463
22167270
19132928
21057138
31440849
16000731
17676664
30474189
24057270
25025692
15378758
33494455
17305382
21385431
16614208
24260165
34203972
15148367
21575372
19354234
20687565
28629911
25894481
17683036
26465659
32808224
24344310
28837001
31862877
30722882
21612878
21365759
24152288
22530795
20198662
20814087
19656770
29863873
22647848
24473230
27786274
21761944
21832256
15681224
23934146
24670152
19829701
24167543
19328874
28315251
32400101
32145629
22227396
26305799
32102972
30852827
33800595
14709176
31819064
20661954
27122311
23161002
28606853
17380534
20973536
29032073
22816081
20672853
22903715
17097053
22618596
21142081
20188222
23022713
33846625
22649259
23558187
28845672
32444469
21472563
32712699
25044714
26969838
22721986
30301043
18998723
12973737
26596252
23878156
27103343
32013905
19361584
22930584
34242257
16969084
22182705
31805412
28256631
19859549
17022637
32902293
30616890
22169282
20224110
27975220
26839000
33271881
23019098
27478070
15276435
22424636
26340626
16875393
22623366
17676885
20362699
15761960
21751807
31330849
20739354
15059904
15060090
22186716
26865024
17106916
12690188
17712138
26584780
19288585
24473789
16969483
23001906
25391542
31256379
30119036
26702875
31901179
22798627
19799449
31670846
20836078
17640392
28856505
24392146
19136815
26402481
29069330
33950508
17203958
14997496
19948256
24679076
28508553
15608339
22623081
27157531
16212404
26381202
31726752
14681415
16402359
19367704
21563813
28860124
31424921
24886812
26447763
32833945
31404562
23146870
23794183
32665031
32440109
25726855
18655071
16705753
22474344
17022634
29028392
26791533
21928397
29147916
12833530
29541800
15378741
31669830
33767396
28293710
32114447
27467289
26795240
22086014
25695085
15540207
23183654
20450584
22053987
28031287
25622812
25327614
28834292
18166006
26525412
28651230
30558315
26317507
25284051
27566655
27025787
28440464
23778534
25581642
28927269
17696520
25930948
15670757
27723244
32374608
14997502
31249355
26634491
21536722
31547513
12748943
24760388
14578497
30691479
16052628
25406860
26657640
31999075
22927047
25367658
28738076
19334765
19039805
27919227
25639059
33234129
15113094
29845627
30045567
17344860
23961999
19290621
30433779
23195030
22959055
25631340
19369687
34103657
19444244
25558055
21530475
19246766
21685926
31432404
28134344
26285450
30379851
19845411
33950499
23386342
25750214
33888849
18189344
23980722
24733759
18212345
30893765
25383958
20201589
32752018
15190082
30516354
18442170
19053527
29152876
31104495
28241706
29099648
29708631
27082124
29157202
19341299
33236985
31118473
18638509
25641898
28674889
24043423
23839494
15229143
30276736
18398880
28045158
29244193
26938107
23436362
33159572
28615068
17322196
26910529
23727490
18710870
30938578
24592386
28539641
29611317
22976354
24204595
30381577
20393206
32219943
17979177
25829260
16212420
32942548
26459884
16078185
24908513
16335965
27100780
18818217
26524241
28755236
18189342
23271801
28634367
23967230
25573746
25597695
23600132
31002969
14616028
31889061
28862000
22270009
28367086
29739064
16475232
20806340
21268267
16823982
29116074
29587743
26584633
29477041
19716188
26517171
27789243
20957757
30923041
25611119
22670670
27211902
25632391
26360816
29790096
15489318
30980318
33156327
27459910
25089526
27184886
28315253
33257747
24819712
26388297
28755234
21967149
23506368
22210690
21593212
16247729
28627738
29115597
28446769
26650791
17761170
21187424
30551828
25449011
30212465
25914232
20676634
22641613
17892277
26572690
30259483
23000593
19405022
24291641
19483679
28132155
28849065
22777171
25914115
15575213
32969194
22249883
28154130
22403816
33950502
24205396
25532559
21104263
33007151
18452277
29266350
26315987
25349405
16959255
29735998
19957290
29705560
18166740
24093440
22108571
19945860
24064975
21845874
17594686
21370931
25676901
28508370
26035435
31432427
19628287
28315246
21053951
22353030
16602694
18067413
22130719
32722327
27729735
26588820
29093020
27554155
26543083
16052625
30359274
17520663
16799092
30737698
25996927
20147750
26767403
20471030
17272300
28152603
22546490
30630937
28251161
14737190
21117708
20681587
30055322
30359574
28112733
21606368
24117905
33950498
21048194
19435317
31477693
26112977
25690103
22573034
23435471
25639359
21815687
18172196
30852818
20225815
25463732
27562179
32624048
23994228
23100066
28282143
33376223
29024340
29941384
21937730
21237297
27282371
22178828
31621109
23734882
25325904
27604403
29775058
21083194
27417256
22740482
32250583
27975227
24650283
31131048
29042634
26435420
23400332
31492012
20686364
24706754
30761904
24967700
22059437
19341826
25407927
22331477
23352402
17032679
26344478
22462790
26947550
27681379
25040086
15961381
34063716
31449969
26861288
30176371
25735772
33464917
26006232
26871867
18839982
19426859
25363278
25867546
14660704
31594216
30342625
20504321
28207922
21948614
24035753
32359108
14645503
15896806
25316320
27718298
30564846
28377615
22671974
27986452
23510160
32598989
32468033
30467427
23148560
27543206
25173706
17318473
27309819
20108952
23748020
19896567
22871113
24395194
32107699
24562544
21041689
19288131
24430196
31578349
17623277
19545154
22283722
21070068
27614393
33336526
28821836
26806198
23837436
30921354
32113006
22040742
24535272
23201116
17914187
18467043
23378005
15707363
23507713
22343075
23436753
25450944
31430420
17030026
27631190
27517116
28730486
17696518
29992139
16941570
26924298
25781272
27373151
19240300
34126303
25305638
22674502
27861601
26582577
26475864
20973830
20639861
24807868
26513550
20415495
27578920
20140906
21685906
32957660
23612287
15613711
19586661
29072300
27775035
20410848
23454304
18061956
25159733
23203040
28596590
16212434
21360674
32746792
20476564
12931005
23025766
20423113
21186835
21530109
29323127
22270012
16037072
26417028
28400531
20810326
30252905
23517121
32071147
16705751
33477034
26620284
32439440
20387907
22193558
12487631
29193735
16525475
20408572
19555078
21433286
30989953
25672548
20444894
22796354
29800303
33335265
21659783
16139798
30087156
30277835
21048193
22149145
20113481
30484658
33300361
33978718
25427637
28057603
30962425
24136551
22519536
33271965
30100427
33042874
29213059
31300526
21155602
33080351
16913910
28314883
25492577
23957277
24114444
33508686
26239910
21380435
21879708
28315252
31952470
18452226
28854255
27248575
33053653
20138214
22928724
31108789
16567015
27025457
28232526
29792918
25058583
26689635
30796087
30222739
17579843
21548963
30041258
28188526
32113117
29254333
27107060
27586962
17372937
21085658
28765873
22067098
32100723
32846884
29115712
15340474
21110518
24406743
31021035
25359324
27425404
16396494
19930686
22097201
17022645
24369042
32205417
22915759
23788530
30814087
17523612
28555319
20399821
22589188
19151416
18048314
19175078
28054942
26786108
18816085
21712547
25811366
27555310
26109032
19900490
28745058
20662102
30820853
24846301
22344546
22002935
28961403
21786837
23851309
26749523
22751952
19756160
16534748
32186761
25400092
16541065
27029387
31835227
19652499
28150237
27314579
20643753
27975230
15911985
21375354
31746590
21549866
23593500
25377360
28315243
16212422
21451513
18644147
27080496
31253287
23717515
31843517
18446801
22698787
30385245
30177828
20873560
20423150
25893432
16428139
27484316
24205821
22098337
31236839
25755296
30923376
31493812
31455241
33150790
31181899
21695125
24937402
22729381
25026441
28698229
31243108
18599999
25756958
27321545
32731645
31721811
22774473
31286391
23349476
20666496
25561728
26030213
22050466
28485490
30452707
27693406
19608599
29389943
31926610
30199604
16845608
25427280
17199978
23732674
19587052
22228245
27153937
19700791
19526545
22045679
29567293
22122883
26852163
24211518
23828267
21191032
24458824
12438565
26638175
27650695
22632713
27039284
29530679
34071777
24530623
18759147
23210995
23349028
24118890
22387117
26458842
25059388
32470320
25744396
30185973
25361869
27208255
32161309
29920325
15541961
30025079
30295032
26047715
29720730
17081061
34291951
26439863
26637539
27846794
29382883
20570859
28712470
20412794
27058163
19271733
17133979
28624627
24229425
20561216
22522577
29394974
19622339
18853439
19654045
25720653
19261921
30663302
22047206
32415382
30776931
33593288
31967407
28703288
23281194
25182730
32415095
24555503
20949197
16429126
24619085
24508532
31849937
31599598
17182037
28894154
21951907
31140594
19477309
28542566
28865129
28910304
31102176
15787617
20693703
23211594
23652646
28199320
24607996
31972329
29529022
22397939
25732096
30242721
25452134
23613368
23137377
29723088
30631047
21334363
27975221
28508578
28122643
19673389
26822725
21668604
29444982
30736277
28508357
22397471
30937516
12832459
31547658
31969186
15378757
22522809
16544284
26361011
28588230
16759540
19632367
22994041
23441912
20211283
31042761
28056772
31235637
24648480
20716902
30457839
19088066
28387352
28869791
23852777
26794310
21892748
31781478
32019789
27828770
15221747
16790758
30055950
33022946
21604124
31019237
16088002
19949701
27207528
18464614
27684057
19557139
15378708
22119884
19605366
31046287
26612269
26710724
29228856
21761300
30216071
28315247
26046356
17916461
19006484
21161181
32051234
22360420
17601805
30936560
27933903
29706543
29130603
28883418
28826133
31595478
24293220
12923550
27195495
23826238
32660160
14595360
25290099
31925645
28043272
25765363
25549220
25860555
28289176
27014972
16549904
22065224
26245529
30154394
23963966
24965097
22125622
29924966
28499042
22136409
15652810
26580600
33099407
15188412
30431238
33953186
31861170
24307710
27058368
21700210
25366743
20923197
24618914
31649317
25886259
25315461
14962943
16035117
22144358
28886026
27924587
29996109
29788257
30874584
28674884
22647150
19664283
17547437
14562083
24626130
18158590
31174741
21090759
24312525
33131748
21379583
33309962
21813416
28508355
32524562
33671370
26350628
32295067
19405953
23598864
28039451
31152406
18318472
17992738
31446798
25867681
25697364
19687620
26228564
33288768
29150924
16335987
32234489
20627868
18496584
32359615
28617818
30535373
22364609
17676884
28262820
17001603
23101459
15713968
30276743
24307635
21799483
31991395
17386668
25616867
24742327
31838794
32129689
29106068
15998802
19705920
31279926
26657352
23436586
33098551
28827633
27105177
19007334
34117251
28178331
20029843
29332274
31432622
19539025
27008008
26321463
19628057
24063234
28057602
19708719
23522030
16322557
28524877
31271900
21139398
20712379
27213757
33950509
31751365
23575152
33906120
23378004
29522879
19705148
28167817
31758065
27588558
33742667
19000445
26481560
28284660
27824369
32276971
30071319
23861437
22438959
29348634
27966654
16507876
23167294
16552026
27088501
22320401
26325666
16705649
21389096
29289553
22551762
15975914
19995622
16947122
32995887
15359746
16212435
25285964
31642809
19690883
29204714
22019596
25225357
24618086
31651220
17787032
25336395
24244468
24569628
22569412
17486272
25724728
22846432
23679341
23378006
15378707
20834021
22029422
32246487
23696425
26490944
28673451
24156766
32387766
28982716
19375530
16335984
21296196
12139313
29183786
16612795
29193853
19539066
23207230
23431140
29322369
20636094
21337516
34364013
28508367
21036924
33894155
28674419
25692303
22589189
31914155
26644297
19779614
26364117
26388432
24089371
20199104
22486680
25593349
21898473
19694553
31992752
28262744
22106087
24779478
26945770
29066204
21306181
17061038
27975285
28534953
26934553
31431535
30974354
30259491
33843278
23891266
23625753
23661305
26438379
15175009
28794502
19389748
17093219
32693679
22633119
25820740
23435181
22614334
24116183
19664994
24382414
28646681
20177130
27618012
17659790
23111736
30486653
19824012
23142869
18471005
29544894
27419465
21433289
23418745
31616912
26074236
30682706
19290619
21268268
22430844
24737727
27924015
23500128
25449836
28169345
27780262
15482816
17227133
17318615
19351151
25383790
27548804
31545048
19904223
12968136
27837088
19332812
28411811
23078084
22781565
34360905
29201909
32956024
23814469
19899082
22967496
22796336
22497769
31249449
31472280
23160929
25205225
21610104
28433920
29382365
32012456
23221968
12432406
29496998
15192341
18398877
21291411
26892330
23212245
22749858
24684722
19118451
30326359
23533003
21728379
28789995
32720192
22058143
19951004
28878308
30706710
24223463
25284625
22054071
31153037
23411029
23280433
24792535
22761694
19844650
17022653
21223993
16335983
16991200
15378688
26680509
32433643
27883048
31393705
17510048
28730481
24198434
31712686
31110225
26063120
19955085
28102936
30684468
30198635
22535206
31132913
29133510
19481188
23485197
29908079
28726589
20669987
26266409
21945728
25221424
20629331
28727099
29518953
27633120
20609461
19414163
19505066
19282470
26630375
22685033
20349210
16212413
25616865
25700002
20100358
29736714
24892798
19995723
21505194
20193786
30528433
27653686
28861940
24613841
26545401
31511563
24460240
24841483
27992503
20032464
26447358
21420379
26698226
29496963
21406256
22362511
24195484
26148796
32046845
25561500
27665045
26078803
23712773
20056612
21513824
18541473
32866021
19724074
21278006
26689842
25337787
17137555
23711388
26448537
26930711
20807835
19782370
16869977
25553582
15309566
22166745
30134192
23291529
25179523
28508371
21365772
33669748
25028495
19470415
29729991
30767890
21437283
21595037
15378751
15547159
24339042
18082677
26399295
29366405
31838051
33903600
31444576
21544746
30017739
20001925
23118466
29453042
33323509
21630454
21561676
19725075
23579234
33359941
21906983
24069403
19541297
30870787
30572124
30259478
20170764
32810618
17569891
24204717
34204832
25366567
22535208
16052629
16335966
23851312
27230957
22279561
32166700
18575773
21669169
26779447
14631011
29973707
31551096
25265451
19470446
29915597
27488116
23907289
22391127
22194971
20332082
28508372
19821091
21439033
27686802
29207142
29625245
32089736
27145767
23454602
22813878
30010849
17022633
21385872
19964623
21751358
28423550
19211702
26645194
20666976
31475433
19111954
17965921
32998073
22772916
22692703
31951085
20839851
16549425
27807644
26171676
25053816
26758180
19502382
31087191
22161327
19799413
23264475
32539747
21893218
22438062
33821792
19432485
18685494
25041652
22471520
32591519
16052619
33260845
28941183
20426491
22899524
24977146
31323046
19643041
33918250
18573355
31465043
16428138
30342273
31225774
32188060
26472065
17513293
23661340
23027403
21751366
17545021
30961429
23872087
30061077
22454539
15113105
30767541
28888340
23012956
33930715
20665633
20811296
12169685
22533410
19101763
29283389
22885064
31103672
32536603
22114894
21204252
23078239
31161543
16602692
19996132
33568455
30036086
31009521
22285630
28315245
20219716
16997511
19435488
24240322
25393578
26056088
33297066
29705424
34227365
32748703
20876089
22619369
15964125
30901843
21388144
26142280
16823979
28637836
28878216
26268863
18287768
28815810
25510491
16534744
21515781
30926536
19053526
26893308
17610204
19854247
29496408
19412544
25477071
24607492
17911086
32627139
26399495
25554695
30003963
15113092
32245905
32519440
26799786
15378690
26460890
22003327
19666873
20052754
31283755
28304108
18088330
29530785
33627808
32003782
21681992
24351047
32143687
28150252
27860107
30551834
34298997
22909291
32312967
19538261
29215295
23447694
17626756
26065901
15221743
28179399
17295355
21360827
30248461
32290560
27924564
31831592
16335996
23369386
15971613
31937763
29907545
32579601
25781153
32109059
26659305
29408692
17109383
30897821
20943247
20544730
18775566
16152657
31424156
23140384
19640852
26291024
33850153
12231220
32992120
22990782
21209622
22616142
30596662
17205600
21800909
24140280
24671231
21329431
31087289
16288665
22671763
20818069
22352837
24393025
22552374
23922656
27160966
21452889
22316494
25281561
17201766
22199231
26806358
29557524
25149310
31973233
30756254
17508731
26616472
24060999
21647379
28539064
31177467
25304470
30430415
12557308
26199992
20666516
16689692
23528693
22668510
24297172
19562802
29743190
31295879
20655818
29317621
21389108
30604760
32641697
16041675
17973293
34105201
16526094
18156134
16729021
28266628
20654217
28926063
29128212
30831250
27748755
22823751
26632588
15215308
25521246
22843071
21563842
25672325
29087046
23667124
27470280
17567164
17203950
27109346
27334025
18088525
31002271
28874693
24685647
15276439
29343516
18546160
22745010
18246495
28186992
21710637
30022435
17487852
29758010
22378233
33068521
26375203
32511239
29784938
21842913
30282518
25196059
24909818
24762493
18506269
22062151
25456226
22579752
28438806
24615502
28959962
26655840
27975222
19969430
32795414
22963252
19367703
22729395
23895272
19118452
27975233
16052626
23110299
22269969
30735053
19056867
30809531
19053529
16047307
11681200
22623400
28945737
17184779
23063937
23201125
21209830
29632047
20001860
18287769
29044176
26901476
25192788
26563347
28508359
16335959
28315248
31852111
16540461
24704854
22253484
24723515
20500856
31600437
18829503
24057504
10493120
18203264
30753958
29414888
28135290
22245417
33431886
29052333
23463621
28350877
15287975
28874695
32826910
31197188
15780834
24407378
32866596
29777688
28391334
22149170
21217834
33752163
30665348
28876938
20192277
31747616
23868823
23121986
25085780
22705320
33504361
16038021
33077353
27006477
19795439
34122441
26721910
20736411
25434490
33737719
21074777
20089989
30108271
22997041
27121919
30180576
15378699
16052623
29678717
32616513
30248088
19956837
28087594
19912687
33950496
32746898
15159623
20131227
27050516
26090425
28595597
19053531
32072194
20970742
29561852
29568113
19670335
32991410
25476978
22126541
23786612
24602922
25577646
33238149
27385106
21243749
30077728
20536382
16455681
19663501
30659273
15627970
21150319
22973851
34139154
30145203
21997732
22050892
23639843
25677681
24123256
16335945
31944673
21418897
31760166
16130169
20149234
29784711
22017755
21130716
27104343
28852823
31692186
27815023
25329524
18054827
21751382
30903674
16973132
24792668
17308300
32213387
21481936
20448348
25534768
23057685
33234959
22962947
15693069
15668994
31586277
20681281
23874617
22703293
26608132
29088495
28624879
31419664
22488714
19754742
25488425
31293364
17390019
26171947
31087295
26354183
22653920
27768875
21182263
25519845
21275167
21732589
28627741
23696413
25791654
33259127
27569060
26552840
21875071
16512671
19067583
22511458
32810882
21843671
20016938
12837596
23319303
20334438
31985234
21526124
21857030
26159706
33950493
20359165
19823676
25957429
32174066
22967079
20170763
21756851
27199454
19526464
25997359
23731163
19072117
28508366
26091374
26527623
21575061
19660441
15947101
23748022
33004616
32876795
32103519
27837479
32283821
28491823
23702330
22369663
28140569
23633940
19441803
27387657
22142336
29032071
23717474
32544581
27162211
25462430
33020190
19854289
31250652
25671571
31441601
24958017
22492268
31280743
19118447
19131358
17150837
27103203
30619257
14766299
15800873
26859300
28556401
29484825
22801418
31409863
23525364
31018159
31393003
30412263
31751117
26735893
26058579
23145051
18006492
30665150
30220558
23325771
22393408
17081066
23153095
32965048
30108239
21774326
28336715
32958691
27384440
19572557
22984625
20133968
16946135
17696383
19700271
24361865
23572536
22210044
18459806
23344851
27173832
32752259
18238979
24343450
14681404
27102203
22079245
17645852
28199961
29545283